x_est	y_est	vx_est	vy_est	yaw_est	yaw_rate_est	px	py	timestamp	x_gt	y_gt	vx_gt	vy_gt	yaw_gt	yawrate_gt
0.312243	0.58034	0	0	0	0	0.312243	0.580340	1477010443000000	0.600000	0.600000	5.199937	0.000000	0.000000	0.006911
1.16051	0.494911	7.16017	-0.91502	-0.127104	-0.0118413	1.173848	0.481073	1477010443100000	1.119984	0.600225	5.199429	0.005390	0.001037	0.020730
1.61602	0.595319	7.12352	1.15797	0.161146	0.046159	1.650626	0.624690	1477010443200000	1.639904	0.601347	5.198392	0.017960	0.003455	0.034535
2.16228	0.592066	5.9851	0.251657	0.0420225	-0.16995	2.188824	0.648739	1477010443300000	2.159704	0.604086	5.196776	0.037693	0.007253	0.048318
2.65381	0.656684	5.55669	0.285373	0.0513116	-0.282747	2.655256	0.665980	1477010443400000	2.679323	0.609155	5.194504	0.064565	0.012429	0.062071
3.15484	0.647631	5.45125	-0.037424	-0.00686509	-0.395511	3.012223	0.637046	1477010443500000	3.198690	0.617267	5.191470	0.098541	0.018979	0.075785
3.74455	0.430731	5.35358	-1.53189	-0.278696	-1.05413	3.893650	0.311793	1477010443600000	3.717722	0.629130	5.187542	0.139576	0.026900	0.089450
4.298	0.508293	5.46656	-0.730123	-0.132776	-0.446634	4.309346	0.578564	1477010443700000	4.236322	0.645449	5.182560	0.187614	0.036185	0.103060
4.7411	0.659198	5.20363	0.0911088	0.0175069	-0.0461966	4.351431	0.899174	1477010443800000	4.754374	0.666921	5.176340	0.242587	0.046830	0.116604
5.29161	0.652553	5.18358	-0.00510018	-0.000983911	-0.0711508	5.518935	0.648233	1477010443900000	5.271746	0.694234	5.168671	0.304413	0.058828	0.130074
5.84592	0.672774	5.30051	0.0420198	0.00792734	-0.0451206	6.022003	0.708619	1477010444000000	5.788279	0.728072	5.159319	0.372999	0.072171	0.143463
6.34044	0.712051	5.16377	0.146365	0.0283371	-0.00612577	6.342486	0.948833	1477010444100000	6.303794	0.769103	5.148029	0.448233	0.086850	0.156761
6.83617	0.741437	5.1041	0.184396	0.0361112	0.00489993	6.782143	0.714036	1477010444200000	6.818081	0.817988	5.134523	0.529990	0.102857	0.169959
7.29358	0.807451	4.92375	0.313987	0.0636838	0.0394813	7.137350	0.957217	1477010444300000	7.330903	0.875373	5.118505	0.618123	0.120181	0.183051
7.84095	0.797878	5.11725	0.231399	0.0451887	0.0130855	7.805334	0.719126	1477010444400000	7.841995	0.941886	5.099659	0.712469	0.138811	0.196027
8.32553	0.832629	4.99847	0.261034	0.0521754	0.0191112	8.247959	0.840322	1477010444500000	8.351056	1.018142	5.077658	0.812843	0.158735	0.208879
8.83717	0.973671	5.12182	0.540549	0.105149	0.0723514	8.746145	1.048576	1477010444600000	8.857753	1.104732	5.052156	0.919037	0.179942	0.221599
9.36713	1.04469	5.15377	0.612005	0.118195	0.0780489	9.255788	1.049129	1477010444700000	9.361717	1.202229	5.022799	1.030819	0.202417	0.234179
9.92579	1.23605	5.21297	0.930263	0.176593	0.127093	10.048390	1.445978	1477010444800000	9.862544	1.311179	4.989224	1.147935	0.226147	0.246611
10.3973	1.39775	5.01131	1.10956	0.217896	0.154726	10.249220	1.459068	1477010444900000	10.359790	1.432101	4.951060	1.270101	0.251116	0.258887
10.8495	1.50922	4.80836	1.15542	0.235823	0.15751	10.731260	1.452653	1477010445000000	10.852990	1.565486	4.907936	1.397008	0.277309	0.271000
11.3967	1.61424	4.93716	1.2168	0.241641	0.147774	11.586960	1.614624	1477010445100000	11.341610	1.711793	4.859477	1.528318	0.304708	0.282942
11.8555	1.73557	4.83267	1.27413	0.257784	0.149454	11.778770	1.745907	1477010445200000	11.825110	1.871443	4.805313	1.663664	0.333298	0.294705
12.3559	1.86098	4.90409	1.34811	0.268269	0.144639	12.322590	1.783533	1477010445300000	12.302890	2.044820	4.745079	1.802651	0.363059	0.306282
12.8159	2.04937	4.88617	1.52568	0.302652	0.163382	12.592410	2.175092	1477010445400000	12.774330	2.232269	4.678422	1.944850	0.393973	0.317665
13.2932	2.28924	4.90309	1.78041	0.348314	0.1903	13.087450	2.407081	1477010445500000	13.238780	2.434087	4.604997	2.089806	0.426020	0.328848
13.7233	2.53495	4.65467	1.95049	0.396811	0.218919	13.835970	2.624793	1477010445600000	13.695520	2.650527	4.524480	2.237032	0.459181	0.339823
14.1747	2.79445	4.55921	2.15392	0.441352	0.240614	14.210550	2.942051	1477010445700000	14.143850	2.881790	4.436565	2.386012	0.493433	0.350583
14.6295	2.9917	4.57987	2.24173	0.455191	0.230007	14.461610	2.907340	1477010445800000	14.583000	3.128024	4.340970	2.536202	0.528756	0.361122
15.0768	3.33002	4.53245	2.56625	0.515192	0.264115	15.026080	3.506701	1477010445900000	15.012200	3.389323	4.237439	2.687028	0.565128	0.371433
15.5066	3.67528	4.35184	2.81449	0.574078	0.295773	15.523550	3.829364	1477010446000000	15.430630	3.665719	4.125748	2.837893	0.602525	0.381509
15.9373	3.96112	4.25431	2.93386	0.603726	0.296323	15.977440	4.000940	1477010446100000	15.837470	3.957185	4.005707	2.988174	0.640923	0.391345
16.332	4.31187	4.03678	3.11541	0.65728	0.320732	16.331270	4.444992	1477010446200000	16.231880	4.263631	3.877162	3.137226	0.680299	0.400933
16.7189	4.64837	3.91843	3.28029	0.696984	0.327821	16.603910	4.673437	1477010446300000	16.612989	4.584899	3.740002	3.284385	0.720627	0.410268
17.0411	5.04686	3.56948	3.44398	0.767507	0.366968	16.995461	5.210994	1477010446400000	16.979950	4.920767	3.594156	3.428969	0.761882	0.419343
17.368	5.39779	3.38324	3.55626	0.810325	0.37371	17.289419	5.435416	1477010446500000	17.331881	5.270941	3.439602	3.570283	0.804038	0.428154
17.7085	5.69782	3.24973	3.55028	0.829567	0.358065	17.785290	5.624759	1477010446600000	17.667910	5.635059	3.276367	3.707622	0.847069	0.436695
18.0263	6.08417	3.06769	3.67855	0.875701	0.369429	18.126289	6.169846	1477010446700000	17.987169	6.012686	3.104526	3.840274	0.890947	0.444959
18.3023	6.52971	2.87457	3.92031	0.938101	0.39298	18.216431	6.661379	1477010446800000	18.288811	6.403317	2.924208	3.967526	0.935644	0.452943
18.5766	6.88552	2.70742	3.93805	0.968507	0.385338	18.542179	6.760131	1477010446900000	18.572001	6.806376	2.735598	4.088665	0.981133	0.460640
18.9121	7.25173	2.70813	4.01461	0.977343	0.356137	19.144119	7.183445	1477010447000000	18.835911	7.221216	2.538932	4.202987	1.027384	0.468047
19.0996	7.70892	2.37642	4.14469	1.05019	0.393428	19.013750	7.868800	1477010447100000	19.079750	7.647117	2.334504	4.309797	1.074368	0.475158
19.2999	8.13536	2.1741	4.25453	1.09838	0.400976	19.132021	8.128449	1477010447200000	19.302759	8.083295	2.122663	4.408416	1.122056	0.481969
19.4883	8.49882	2.01598	4.23647	1.12664	0.388035	19.347010	8.307412	1477010447300000	19.504219	8.528895	1.903813	4.498188	1.170417	0.488475
19.7341	8.8906	1.92717	4.23746	1.14396	0.369491	20.003880	8.890601	1477010447400000	19.683451	8.983001	1.678411	4.578481	1.219422	0.494673
19.9378	9.34227	1.76426	4.32151	1.1832	0.373836	20.157379	9.459486	1477010447500000	19.839821	9.444632	1.446969	4.648694	1.269038	0.500558
20.0764	9.79843	1.50411	4.36456	1.23892	0.394339	20.157310	9.908763	1477010447600000	19.972759	9.912751	1.210049	4.708261	1.319235	0.506127
20.1887	10.3279	1.26874	4.60094	1.30173	0.414215	20.166010	10.468720	1477010447700000	20.081751	10.386270	0.968259	4.756658	1.369981	0.511377
20.2699	10.8347	0.963593	4.67551	1.36755	0.440573	20.371050	11.010860	1477010447800000	20.166330	10.864040	0.722256	4.793403	1.421244	0.516304
20.3336	11.3343	0.711452	4.76661	1.42263	0.450067	20.316420	11.348340	1477010447900000	20.226120	11.344870	0.472738	4.818065	1.472992	0.520904
20.361	11.8124	0.37746	4.68519	1.49041	0.479477	20.614090	11.942150	1477010448000000	20.260799	11.827540	0.220439	4.830266	1.525191	0.525176
20.3675	12.3482	0.12336	4.87404	1.54549	0.480998	20.326281	12.496630	1477010448100000	20.270140	12.310780	-0.033869	4.829682	1.577809	0.529115
20.349	12.8189	-0.179324	4.76525	1.60841	0.501924	20.498030	12.892370	1477010448200000	20.253981	12.793310	-0.289390	4.816052	1.630813	0.532721
20.3047	13.2571	-0.433907	4.66175	1.66361	0.508443	20.194300	13.168790	1477010448300000	20.212231	13.273790	-0.545298	4.789175	1.684169	0.535990
20.242	13.7571	-0.696529	4.70316	1.71783	0.511006	20.324530	13.889630	1477010448400000	20.144899	13.750910	-0.800753	4.748916	1.737843	0.538920
20.1319	14.2423	-1.00556	4.66231	1.78322	0.527357	20.121559	14.337040	1477010448500000	20.052080	14.223320	-1.054898	4.695207	1.791802	0.541510
19.9509	14.7327	-1.37852	4.63934	1.85962	0.549046	19.780970	14.772960	1477010448600000	19.933950	14.689680	-1.306871	4.628048	1.846011	0.543759
19.8486	15.1666	-1.52837	4.53571	1.89581	0.529689	20.020830	15.205300	1477010448700000	19.790760	15.148630	-1.555808	4.547507	1.900437	0.545663
19.7001	15.5525	-1.75644	4.22657	1.96465	0.559585	19.913090	15.554040	1477010448800000	19.622869	15.598860	-1.800848	4.453722	1.955044	0.547223
19.5018	15.9724	-2.01032	4.12703	2.02408	0.562807	19.474840	16.009821	1477010448900000	19.430710	16.039040	-2.041143	4.346899	2.009799	0.548437
19.289	16.3571	-2.215	3.99284	2.07727	0.555588	19.238029	16.271851	1477010449000000	19.214800	16.467880	-2.275858	4.227312	2.064667	0.549305
19.0365	16.7706	-2.48295	3.89271	2.13858	0.562218	19.002939	16.838739	1477010449100000	18.975731	16.884130	-2.504184	4.095300	2.119613	0.549826
18.6999	17.2161	-2.90126	3.7879	2.22441	0.600987	18.614780	17.383150	1477010449200000	18.714180	17.286560	-2.725339	3.951269	2.174602	0.550000
18.3692	17.6199	-3.15306	3.72565	2.27314	0.577221	18.102261	17.552940	1477010449300000	18.430920	17.674000	-2.938575	3.795682	2.229599	0.549826
18.0954	17.9931	-3.24969	3.59842	2.30531	0.546128	18.209379	18.046080	1477010449400000	18.126770	18.045309	-3.143182	3.629063	2.284571	0.549305
17.7956	18.2828	-3.36096	3.29418	2.36623	0.555968	17.901751	18.218260	1477010449500000	17.802629	18.399429	-3.338496	3.451991	2.339482	0.548437
17.4595	18.648	-3.53941	3.19618	2.40711	0.539846	17.384501	18.703911	1477010449600000	17.459459	18.735331	-3.523900	3.265092	2.394298	0.547223
17.1223	18.9208	-3.64847	2.93412	2.46429	0.544107	17.176201	18.886339	1477010449700000	17.098270	19.052080	-3.698831	3.069040	2.448983	0.545663
16.7345	19.208	-3.82067	2.74769	2.51812	0.540388	16.573410	19.051960	1477010449800000	16.720150	19.348780	-3.862783	2.864551	2.503504	0.543759
16.3076	19.5311	-4.06304	2.63177	2.56681	0.536217	16.233829	19.617050	1477010449900000	16.326220	19.624649	-4.015308	2.652373	2.557826	0.541510
15.8792	19.7607	-4.22785	2.36261	2.632	0.549175	15.924260	19.870291	1477010450000000	15.917630	19.878941	-4.156022	2.433288	2.611914	0.538920
15.4532	20.0366	-4.33734	2.24471	2.66402	0.520018	15.433190	20.183599	1477010450100000	15.495590	20.111010	-4.284605	2.208100	2.665735	0.535990
15.0525	20.3054	-4.38701	2.1194	2.69155	0.495761	15.201640	20.438530	1477010450200000	15.061320	20.320290	-4.400804	1.977632	2.719255	0.532721
14.6072	20.5072	-4.49378	1.89815	2.74193	0.497235	14.666490	20.608810	1477010450300000	14.616070	20.506300	-4.504432	1.742721	2.772439	0.529115
14.1221	20.6729	-4.64639	1.63832	2.8026	0.509616	14.052090	20.592369	1477010450400000	14.161100	20.668631	-4.595370	1.504208	2.825254	0.525176
13.6054	20.8145	-4.82259	1.36825	2.86514	0.522201	13.468650	20.725330	1477010450500000	13.697690	20.806971	-4.673567	1.262937	2.877667	0.520904
13.1123	20.8915	-4.91946	1.00721	2.93964	0.549692	13.107230	20.829399	1477010450600000	13.227110	20.921080	-4.739038	1.019748	2.929644	0.516304
12.6921	20.9873	-4.83447	0.756182	2.98644	0.54403	12.872910	21.059170	1477010450700000	12.750630	21.010820	-4.791865	0.775469	2.981153	0.511377
12.1892	21.0676	-4.91749	0.509899	3.03827	0.543421	12.206200	21.110001	1477010450800000	12.269490	21.076120	-4.832191	0.530912	3.032162	0.506127
11.7113	21.0599	-4.90617	0.161318	3.10872	0.560594	11.681430	20.865110	1477010450900000	11.784960	21.117001	-4.860224	0.286869	3.082637	0.500558
11.2541	21.0393	-4.84276	-0.150543	3.17267	0.56951	11.362990	21.068850	1477010451000000	11.298230	21.133530	-4.876229	0.044106	3.132548	0.494673
10.793	20.9644	-4.77184	-0.499264	3.24584	0.585592	10.890270	20.926950	1477010451100000	10.810490	21.125891	-4.880526	-0.196643	3.181862	0.488475
10.2611	20.9838	-4.82379	-0.626283	3.2707	0.548454	10.188970	21.208960	1477010451200000	10.322910	21.094320	-4.873488	-0.434674	3.230549	0.481969
9.84175	20.9213	-4.6677	-0.858733	3.32353	0.547631	9.996342	20.979670	1477010451300000	9.836580	21.039129	-4.855539	-0.669327	3.278577	0.475158
9.43532	20.8504	-4.45746	-1.02107	3.36678	0.531831	9.539206	20.876200	1477010451400000	9.352578	20.960670	-4.827144	-0.899977	3.325917	0.468047
8.91392	20.7753	-4.56295	-1.21131	3.40107	0.513876	8.703310	20.822081	1477010451500000	8.871920	20.859381	-4.788810	-1.126048	3.372539	0.460640
8.41545	20.6146	-4.57745	-1.49449	3.45717	0.516792	8.222766	20.483879	1477010451600000	8.395572	20.735750	-4.741079	-1.347006	3.418412	0.452943
7.94097	20.4549	-4.53821	-1.73313	3.5064	0.51455	7.885988	20.449989	1477010451700000	7.924445	20.590309	-4.684526	-1.562369	3.463509	0.444959
7.40225	20.3099	-4.65403	-1.9361	3.53582	0.496269	7.180292	20.391979	1477010451800000	7.459388	20.423651	-4.619752	-1.771702	3.507800	0.436695
6.90285	20.1287	-4.61785	-2.1122	3.57058	0.480432	6.815424	20.185909	1477010451900000	7.001193	20.236380	-4.547379	-1.974620	3.551257	0.428154
6.43367	19.9433	-4.52755	-2.25281	3.6033	0.464573	6.389140	20.013651	1477010452000000	6.550586	20.029160	-4.468049	-2.170789	3.593854	0.419343
5.95617	19.7538	-4.48452	-2.38446	3.63028	0.446522	5.861189	19.830601	1477010452100000	6.108230	19.802691	-4.382413	-2.359926	3.635563	0.410268
5.54964	19.4902	-4.32272	-2.6333	3.68873	0.462449	5.690891	19.575510	1477010452200000	5.674721	19.557671	-4.291136	-2.541796	3.676358	0.400933
5.13835	19.2405	-4.18001	-2.79703	3.73131	0.460015	5.170214	19.439680	1477010452300000	5.250589	19.294849	-4.194883	-2.716216	3.716213	0.391345
4.79999	18.9795	-3.8888	-2.89193	3.78102	0.461529	4.891493	18.982010	1477010452400000	4.836298	19.014971	-4.094322	-2.883047	3.755103	0.381509
4.41262	18.6997	-3.78401	-3.07016	3.82322	0.460518	4.468500	18.833960	1477010452500000	4.432244	18.718800	-3.990117	-3.042199	3.793004	0.371433
4.11829	18.4065	-3.47692	-3.15433	3.87838	0.467664	4.262690	18.480961	1477010452600000	4.038758	18.407110	-3.882925	-3.193624	3.829891	0.361122
3.65917	18.0891	-3.61562	-3.42993	3.90064	0.450268	3.459187	18.166981	1477010452700000	3.656107	18.080669	-3.773392	-3.337317	3.865741	0.350583
3.27582	17.7685	-3.48956	-3.49043	3.92711	0.429343	3.125250	17.749331	1477010452800000	3.284491	17.740250	-3.662152	-3.473310	3.900532	0.339823
2.91511	17.467	-3.41269	-3.60839	3.95486	0.419731	2.944902	17.815371	1477010452900000	2.924051	17.386620	-3.549823	-3.601673	3.934241	0.328848
2.57919	17.0673	-3.29502	-3.87178	4.00729	0.432851	2.554070	17.085329	1477010453000000	2.574864	17.020531	-3.437004	-3.722509	3.966847	0.317665
2.26413	16.7292	-3.08211	-3.83602	4.03554	0.415237	2.253706	16.833441	1477010453100000	2.236950	16.642731	-3.324275	-3.835952	3.998331	0.306282
1.93559	16.3027	-2.93986	-3.96748	4.07468	0.409279	1.889717	16.105391	1477010453200000	1.910273	16.253950	-3.212192	-3.942161	4.028670	0.294705
1.59089	15.955	-2.87181	-3.95811	4.08472	0.378754	1.447453	16.085320	1477010453300000	1.594741	15.854900	-3.101288	-4.041322	4.057848	0.282942
1.27582	15.5055	-2.80923	-4.21487	4.1245	0.38261	1.183950	15.428400	1477010453400000	1.290209	15.446280	-2.992073	-4.133638	4.085845	0.271000
0.914165	15.089	-2.80714	-4.28491	4.13242	0.352723	0.722706	15.007520	1477010453500000	0.996486	15.028760	-2.885028	-4.219333	4.112643	0.258887
0.67787	14.6995	-2.56588	-4.23799	4.16797	0.350495	0.737301	14.704720	1477010453600000	0.713330	14.602990	-2.780610	-4.298641	4.138226	0.246611
0.381251	14.2344	-2.52175	-4.4475	4.19659	0.345902	0.253435	14.202850	1477010453700000	0.440459	14.169590	-2.679249	-4.371810	4.162577	0.234179
0.220268	13.7391	-2.21972	-4.67907	4.26943	0.385324	0.459172	13.685560	1477010453800000	0.177545	13.729160	-2.581347	-4.439094	4.185681	0.221599
-0.0542766	13.26	-2.16935	-4.83463	4.29061	0.370551	-0.190344	13.285560	1477010453900000	-0.075775	13.282290	-2.487279	-4.500752	4.207524	0.208879
-0.175828	12.8251	-1.81545	-4.7404	4.34665	0.387149	0.046231	12.930110	1477010454000000	-0.319903	12.829520	-2.397395	-4.557043	4.228091	0.196027
-0.400043	12.3648	-1.711	-4.71266	4.36412	0.364912	-0.476482	12.363310	1477010454100000	-0.555273	12.371360	-2.312016	-4.608226	4.247370	0.183051
-0.58727	11.9412	-1.57961	-4.65805	4.38545	0.350554	-0.582624	12.038580	1477010454200000	-0.782350	11.908330	-2.231440	-4.654556	4.265349	0.169959
-0.886322	11.4631	-1.68667	-4.72464	4.3695	0.301446	-1.172116	11.398760	1477010454300000	-1.001627	11.440890	-2.155937	-4.696281	4.282015	0.156761
-1.14179	11.0112	-1.70746	-4.65557	4.36086	0.261419	-1.392886	11.042390	1477010454400000	-1.213625	10.969480	-2.085754	-4.733638	4.297360	0.143463
-1.36085	10.5086	-1.69848	-4.82054	4.37363	0.250481	-1.496867	10.419820	1477010454500000	-1.418886	10.494540	-2.021113	-4.766857	4.311372	0.130074
-1.55346	10.036	-1.63621	-4.88312	4.38907	0.243225	-1.618749	10.237360	1477010454600000	-1.617975	10.016470	-1.962215	-4.796150	4.324043	0.116604
-1.71384	9.59135	-1.51873	-4.81021	4.40656	0.235845	-1.733813	9.713470	1477010454700000	-1.811474	9.535641	-1.909235	-4.821717	4.335365	0.103060
-1.91838	9.04118	-1.51827	-4.99679	4.41741	0.224573	-1.938328	8.770285	1477010454800000	-1.999983	9.052426	-1.862331	-4.843738	4.345331	0.089450
-2.09595	8.57003	-1.46488	-4.92661	4.42337	0.206613	-2.176802	8.541096	1477010454900000	-2.184116	8.567169	-1.821636	-4.862378	4.353935	0.075785
-2.27208	8.08478	-1.42401	-4.92723	4.43105	0.19437	-2.218754	8.153395	1477010455000000	-2.364500	8.080199	-1.787265	-4.877779	4.361171	0.062071
-2.44575	7.624	-1.39882	-4.88945	4.43374	0.177641	-2.596742	7.602881	1477010455100000	-2.541771	7.591835	-1.759313	-4.890064	4.367034	0.048318
-2.69983	7.13443	-1.53426	-4.8371	4.40524	0.129732	-2.798651	7.064004	1477010455200000	-2.716576	7.102382	-1.737856	-4.899332	4.371522	0.034535
-2.80888	6.70016	-1.3858	-4.78425	4.43045	0.143224	-2.746508	6.868668	1477010455300000	-2.889567	6.612138	-1.722953	-4.905662	4.374630	0.020730
-2.92167	6.25165	-1.27858	-4.66355	4.4448	0.138308	-2.902166	6.229886	1477010455400000	-3.061402	6.121393	-1.714642	-4.909108	4.376358	0.006911
-3.13262	5.72213	-1.37994	-4.81447	4.43325	0.114327	-3.177805	5.531013	1477010455500000	-3.232740	5.630435	-1.712946	-4.909701	4.376703	-0.006911
-3.33927	5.21076	-1.4758	-4.82249	4.41541	0.0807419	-3.430309	5.105070	1477010455600000	-3.404243	5.139548	-1.717867	-4.907446	4.375667	-0.020730
-3.53531	4.67777	-1.54419	-4.95101	4.41006	0.0681419	-3.694351	4.521963	1477010455700000	-3.576574	4.649018	-1.729394	-4.902326	4.373248	-0.034535
-3.78347	4.14366	-1.72713	-4.99527	4.3795	0.0259737	-4.002383	4.046836	1477010455800000	-3.750390	4.159132	-1.747494	-4.894300	4.369450	-0.048318
-3.93913	3.67532	-1.66962	-4.94487	4.38676	0.0320033	-3.880532	3.751771	1477010455900000	-3.926347	3.670186	-1.772118	-4.883302	4.364274	-0.062071
-4.12797	3.23009	-1.70934	-4.82883	4.37217	0.00966868	-4.151192	3.219682	1477010456000000	-4.105094	3.182480	-1.803198	-4.869246	4.357724	-0.075785
-4.34132	2.69064	-1.81809	-4.92848	4.35898	-0.00895789	-4.324508	2.550338	1477010456100000	-4.287274	2.696326	-1.840648	-4.852019	4.349804	-0.089450
-4.53854	2.1713	-1.85623	-4.99098	4.35632	-0.0101736	-4.612230	2.091916	1477010456200000	-4.473517	2.212048	-1.884364	-4.831491	4.340518	-0.103060
-4.76614	1.65499	-1.99385	-5.02471	4.33464	-0.0391166	-4.868289	1.534418	1477010456300000	-4.664445	1.729983	-1.934219	-4.807509	4.329873	-0.116604
-4.947	1.17427	-2.01043	-4.95131	4.32669	-0.0505833	-4.667788	1.286427	1477010456400000	-4.860665	1.250487	-1.990068	-4.779901	4.317875	-0.130074
-5.09934	0.740391	-1.94915	-4.79308	4.32616	-0.0495279	-4.854981	0.825661	1477010456500000	-5.062768	0.773930	-2.051745	-4.748478	4.304533	-0.143463
-5.27247	0.199284	-1.96398	-4.9096	4.33186	-0.0433175	-5.123096	0.257311	1477010456600000	-5.271329	0.300706	-2.119061	-4.713034	4.289853	-0.156761
-5.45382	-0.262844	-1.9302	-4.82157	4.3316	-0.0362508	-5.299723	-0.212982	1477010456700000	-5.486900	-0.168772	-2.191805	-4.673350	4.273847	-0.169959
-5.7025	-0.624597	-2.05872	-4.58658	4.29048	-0.0772244	-5.853586	-0.445801	1477010456800000	-5.710014	-0.634069	-2.269743	-4.629193	4.256523	-0.183051
-5.91445	-1.13696	-2.17094	-4.7374	4.28269	-0.0837922	-5.878354	-1.268630	1477010456900000	-5.941177	-1.094723	-2.352615	-4.580321	4.237893	-0.196027
-6.1427	-1.61606	-2.2342	-4.73361	4.2714	-0.0877622	-6.272635	-1.509379	1477010457000000	-6.180869	-1.550250	-2.440139	-4.526483	4.217968	-0.208879
-6.39091	-2.12137	-2.39596	-4.85391	4.25386	-0.103217	-6.340070	-2.136847	1477010457100000	-6.429541	-2.000141	-2.532004	-4.467422	4.196761	-0.221599
-6.68689	-2.5367	-2.53339	-4.68009	4.21624	-0.129993	-6.792876	-2.445797	1477010457200000	-6.687610	-2.443860	-2.627877	-4.402881	4.174286	-0.234179
-6.93811	-3.01892	-2.59683	-4.69541	4.2072	-0.126302	-6.800298	-3.100863	1477010457300000	-6.955460	-2.880843	-2.727396	-4.332600	4.150556	-0.246611
-7.19106	-3.43003	-2.62919	-4.5301	4.18652	-0.134762	-7.121178	-3.264337	1477010457400000	-7.233435	-3.310505	-2.830171	-4.256323	4.125587	-0.258887
-7.49101	-3.8167	-2.75316	-4.36028	4.14919	-0.160036	-7.490093	-3.490813	1477010457500000	-7.521842	-3.732231	-2.935789	-4.173800	4.099395	-0.271000
-7.79172	-4.25496	-2.87973	-4.34389	4.12697	-0.166806	-7.880489	-4.297826	1477010457600000	-7.820942	-4.145385	-3.043807	-4.084790	4.071995	-0.282942
-8.1087	-4.70946	-2.98767	-4.33207	4.10863	-0.167294	-8.224922	-4.798125	1477010457700000	-8.130953	-4.549304	-3.153756	-3.989064	4.043406	-0.294705
-8.38626	-5.11512	-2.95593	-4.17345	4.09613	-0.160761	-8.335522	-5.105899	1477010457800000	-8.452043	-4.943306	-3.265143	-3.886408	4.013645	-0.306282
-8.72083	-5.47551	-3.04313	-3.98143	4.05978	-0.178952	-8.914773	-5.517524	1477010457900000	-8.784330	-5.326687	-3.377447	-3.776628	3.982731	-0.317665
-9.03831	-5.85369	-3.1267	-3.88953	4.03529	-0.185366	-9.033911	-5.802665	1477010458000000	-9.127879	-5.698724	-3.490125	-3.659551	3.950683	-0.328848
-9.34544	-6.10946	-3.15537	-3.56824	3.98832	-0.214033	-9.308113	-5.823680	1477010458100000	-9.482699	-6.058680	-3.602610	-3.535029	3.917523	-0.339823
-9.66841	-6.49517	-3.24991	-3.56997	3.97389	-0.207015	-9.625472	-6.559576	1477010458200000	-9.848741	-6.405802	-3.714314	-3.402945	3.883270	-0.350583
-10.0896	-6.83534	-3.52716	-3.50863	3.92436	-0.234736	-10.224580	-6.834023	1477010458300000	-10.225900	-6.739329	-3.824630	-3.263211	3.847947	-0.361122
-10.5062	-7.1853	-3.73328	-3.43806	3.88585	-0.248832	-10.761620	-7.291586	1477010458400000	-10.613990	-7.058492	-3.932934	-3.115774	3.811576	-0.371433
-10.9567	-7.49938	-3.95036	-3.28746	3.83566	-0.272429	-11.221910	-7.569794	1477010458500000	-11.012800	-7.362519	-4.038585	-2.960619	3.774179	-0.381509
-11.2975	-7.78505	-3.9111	-3.10462	3.81254	-0.269077	-11.093440	-7.677602	1477010458600000	-11.422020	-7.650638	-4.140935	-2.797773	3.735781	-0.391345
-11.6687	-8.01692	-3.94338	-2.86895	3.77056	-0.284156	-11.526880	-7.821504	1477010458700000	-11.841280	-7.922082	-4.239323	-2.627303	3.696405	-0.400933
-12.0689	-8.22433	-3.96306	-2.58616	3.71977	-0.305479	-12.090030	-8.088283	1477010458800000	-12.270170	-8.176094	-4.333085	-2.449321	3.656077	-0.410268
-12.5018	-8.43931	-4.1859	-2.4524	3.67156	-0.32232	-12.423100	-8.259904	1477010458900000	-12.708170	-8.411929	-4.421555	-2.263987	3.614821	-0.419343
-12.9808	-8.62471	-4.29128	-2.17016	3.6098	-0.349841	-13.291110	-8.645942	1477010459000000	-13.154730	-8.628861	-4.504069	-2.071509	3.572665	-0.428154
-13.4528	-8.7789	-4.46597	-1.93363	3.55019	-0.372644	-13.384010	-8.575829	1477010459100000	-13.609220	-8.826188	-4.579969	-1.872143	3.529634	-0.436695
-13.8924	-8.93087	-4.43045	-1.67048	3.50216	-0.383402	-13.995910	-8.992638	1477010459200000	-14.070940	-9.003236	-4.648610	-1.666195	3.485756	-0.444959
-14.384	-9.12174	-4.65969	-1.58468	3.4694	-0.376622	-14.427260	-9.187501	1477010459300000	-14.539130	-9.159364	-4.709360	-1.454024	3.441059	-0.452943
-14.898	-9.19984	-4.75461	-1.24987	3.39865	-0.407973	-15.062030	-9.043962	1477010459400000	-15.012980	-9.293968	-4.761607	-1.236035	3.395571	-0.460640
-15.4355	-9.3733	-4.89913	-1.13301	3.36886	-0.397215	-15.668220	-9.567493	1477010459500000	-15.491600	-9.406491	-4.804762	-1.012687	3.349320	-0.468047
-15.9359	-9.48273	-4.86716	-0.91213	3.32685	-0.400745	-16.086229	-9.598186	1477010459600000	-15.974060	-9.496420	-4.838268	-0.784484	3.302335	-0.475158
-16.433	-9.49518	-4.86352	-0.577643	3.25981	-0.426538	-16.422859	-9.370292	1477010459700000	-16.459351	-9.563299	-4.861599	-0.551980	3.254647	-0.481969
-16.9308	-9.48702	-4.86385	-0.258446	3.19468	-0.448259	-17.113190	-9.430434	1477010459800000	-16.946440	-9.606726	-4.874268	-0.315773	3.206286	-0.488475
-17.4535	-9.54737	-4.97734	-0.114809	3.16465	-0.433679	-17.544800	-9.574848	1477010459900000	-17.434250	-9.626363	-4.875828	-0.076502	3.157282	-0.494673
-17.965	-9.50798	-4.9552	0.187252	3.10382	-0.450987	-17.972441	-9.422985	1477010460000000	-17.921619	-9.621939	-4.865881	0.165151	3.107665	-0.500558
-18.4055	-9.51165	-4.80896	0.337354	3.07156	-0.440596	-18.276251	-9.609973	1477010460100000	-18.407410	-9.593251	-4.844078	0.408470	3.057468	-0.506127
-18.8948	-9.48045	-4.85262	0.522299	3.03437	-0.432756	-18.954479	-9.515445	1477010460200000	-18.890390	-9.540172	-4.810124	0.652707	3.006722	-0.511377
-19.3728	-9.32929	-4.84258	0.882911	2.96125	-0.458981	-19.298300	-9.098652	1477010460300000	-19.369360	-9.462647	-4.763781	0.897083	2.955459	-0.516304
-19.8581	-9.1418	-4.74047	1.26741	2.88034	-0.49331	-19.873131	-8.964172	1477010460400000	-19.843050	-9.360706	-4.704871	1.140799	2.903712	-0.520904
-20.2618	-9.15262	-4.56971	1.20354	2.88407	-0.444167	-20.160740	-9.596632	1477010460500000	-20.310209	-9.234455	-4.633280	1.383034	2.851512	-0.525176
-20.7256	-9.00993	-4.55732	1.43075	2.83739	-0.44513	-20.659559	-8.915274	1477010460600000	-20.769550	-9.084085	-4.548955	1.622957	2.798894	-0.529115
-21.1633	-8.86025	-4.45246	1.61895	2.79285	-0.445597	-21.019541	-8.850815	1477010460700000	-21.219820	-8.909871	-4.451913	1.859725	2.745891	-0.532721
-21.586	-8.74445	-4.32769	1.7079	2.76571	-0.430511	-21.502859	-8.871913	1477010460800000	-21.659740	-8.712172	-4.342235	2.092496	2.692535	-0.535990
-21.9749	-8.54183	-4.09324	1.90791	2.70542	-0.45072	-21.979340	-8.570888	1477010460900000	-22.088051	-8.491431	-4.220073	2.320430	2.638860	-0.538920
-22.4217	-8.32721	-4.1102	2.13669	2.66219	-0.44679	-22.583799	-8.352956	1477010461000000	-22.503510	-8.248174	-4.085642	2.542698	2.584901	-0.541510
-22.8615	-7.97539	-4.02515	2.56704	2.57388	-0.488555	-22.986090	-7.672402	1477010461100000	-22.904921	-7.983010	-3.939227	2.758484	2.530692	-0.543759
-23.2856	-7.65452	-3.84473	2.86531	2.50113	-0.517035	-23.477720	-7.565831	1477010461200000	-23.291090	-7.696629	-3.781177	2.966995	2.476266	-0.545663
-23.6523	-7.36377	-3.72027	3.05038	2.45481	-0.508422	-23.540770	-7.360692	1477010461300000	-23.660879	-7.389798	-3.611907	3.167464	2.421659	-0.547223
-24	-7.10948	-3.5519	3.11515	2.42161	-0.491439	-23.938370	-7.261707	1477010461400000	-24.013189	-7.063359	-3.431889	3.359156	2.366904	-0.548437
-24.3382	-6.67407	-3.33585	3.49265	2.33324	-0.528954	-24.257360	-6.435202	1477010461500000	-24.346970	-6.718227	-3.241657	3.541377	2.312037	-0.549305
-24.5973	-6.3723	-3.01528	3.51898	2.27926	-0.53386	-24.300751	-6.437988	1477010461600000	-24.661230	-6.355382	-3.041800	3.713473	2.257091	-0.549826
-24.9252	-5.97044	-2.86363	3.7695	2.22047	-0.53981	-25.145960	-5.919019	1477010461700000	-24.955050	-5.975869	-2.832955	3.874837	2.202102	-0.550000
-25.1876	-5.59418	-2.63767	3.89567	2.16597	-0.539935	-25.194090	-5.643722	1477010461800000	-25.227551	-5.580789	-2.615809	4.024918	2.147104	-0.549826
-25.4867	-5.16887	-2.52151	4.11657	2.12038	-0.528751	-25.571251	-5.102407	1477010461900000	-25.477949	-5.171298	-2.391090	4.163218	2.092132	-0.549305
-25.7256	-4.81852	-2.35477	4.12676	2.08933	-0.503354	-25.695169	-4.899949	1477010462000000	-25.705521	-4.748596	-2.159561	4.289300	2.037221	-0.548437
-25.9611	-4.35772	-2.17227	4.33202	2.0356	-0.504007	-25.951571	-4.266589	1477010462100000	-25.909630	-4.313924	-1.922018	4.402788	1.982406	-0.547223
-26.1689	-3.8455	-1.87474	4.56419	1.96054	-0.535589	-26.119801	-3.677232	1477010462200000	-26.089710	-3.868560	-1.679284	4.503373	1.927720	-0.545663
-26.277	-3.34638	-1.45789	4.69189	1.87206	-0.575533	-25.997360	-3.247220	1477010462300000	-26.245300	-3.413805	-1.432200	4.590811	1.873199	-0.543759
-26.3533	-2.87385	-1.06923	4.73683	1.7928	-0.600287	-26.174110	-2.878854	1477010462400000	-26.375999	-2.950983	-1.181621	4.664928	1.818877	-0.541510
-26.4804	-2.5099	-0.865148	4.58485	1.7573	-0.579182	-26.674030	-2.738519	1477010462500000	-26.481501	-2.481434	-0.928411	4.725618	1.764789	-0.538920
-26.5815	-2.08332	-0.660984	4.57057	1.71442	-0.563252	-26.669130	-2.173329	1477010462600000	-26.561590	-2.006501	-0.673434	4.772843	1.710968	-0.535990
-26.6103	-1.59322	-0.38028	4.65686	1.65228	-0.563966	-26.467100	-1.532073	1477010462700000	-26.616131	-1.527530	-0.417552	4.806636	1.657449	-0.532721
-26.6132	-1.13834	-0.0653801	4.64101	1.58488	-0.578428	-26.599751	-1.142766	1477010462800000	-26.645090	-1.045858	-0.161616	4.827096	1.604265	-0.529115
-26.6512	-0.65684	0.139781	4.68818	1.54099	-0.565741	-26.735460	-0.595390	1477010462900000	-26.648479	-0.562811	0.093541	4.834389	1.551450	-0.525176
-26.5969	-0.102474	0.49908	4.8363	1.46797	-0.585044	-26.455330	0.060265	1477010463000000	-26.626450	-0.079695	0.347104	4.828743	1.499037	-0.520904
-26.5528	0.443839	0.785652	4.93443	1.4129	-0.584401	-26.620140	0.575880	1477010463100000	-26.579170	0.402213	0.598287	4.810449	1.447059	-0.516304
-26.5268	0.969095	0.953088	4.96441	1.38112	-0.556217	-26.729290	1.060825	1477010463200000	-26.506941	0.881666	0.846334	4.779858	1.395550	-0.511377
-26.4272	1.46186	1.16123	4.89558	1.3379	-0.53555	-26.398621	1.422123	1477010463300000	-26.410110	1.357453	1.090525	4.737372	1.344542	-0.506127
-26.3311	1.87398	1.32096	4.68775	1.29613	-0.520299	-26.359440	1.793150	1477010463400000	-26.289080	1.828410	1.330181	4.683449	1.294066	-0.500558
-26.2017	2.28608	1.52471	4.51138	1.24488	-0.520132	-26.250179	2.184809	1477010463500000	-26.144360	2.293419	1.564667	4.618589	1.244155	-0.494673
-26.0568	2.75223	1.70087	4.45897	1.20638	-0.501755	-26.064119	2.807007	1477010463600000	-25.976480	2.751414	1.793393	4.543340	1.194841	-0.488475
-25.8601	3.26828	2.0049	4.52041	1.15334	-0.509725	-25.834480	3.420054	1477010463700000	-25.786051	3.201385	2.015821	4.458284	1.146154	-0.481969
-25.6722	3.69352	2.18499	4.37283	1.10741	-0.505059	-25.666611	3.635086	1477010463800000	-25.573730	3.642385	2.231463	4.364038	1.098126	-0.475158
-25.4917	4.06851	2.31173	4.15501	1.06307	-0.50094	-25.749241	3.999675	1477010463900000	-25.340219	4.073527	2.439886	4.261248	1.050786	-0.468047
-25.2098	4.49453	2.58499	4.06267	1.00413	-0.508075	-25.021429	4.528026	1477010464000000	-25.086250	4.493991	2.640710	4.150582	1.004165	-0.460640
-24.942	4.87959	2.74535	3.88951	0.956166	-0.500229	-25.036310	4.884993	1477010464100000	-24.812599	4.903026	2.833613	4.032728	0.958291	-0.452943
-24.6169	5.29157	3.00317	3.7983	0.901774	-0.501965	-24.504141	5.352928	1477010464200000	-24.520081	5.299948	3.018326	3.908388	0.913195	-0.444959
-24.2603	5.6515	3.29489	3.62191	0.832642	-0.522972	-24.115900	5.611521	1477010464300000	-24.209520	5.684145	3.194637	3.778271	0.868904	-0.436695
-23.9234	5.97564	3.49441	3.39821	0.771443	-0.534628	-23.915300	5.943773	1477010464400000	-23.881760	6.055076	3.362388	3.643093	0.825446	-0.428154
-23.6136	6.30171	3.49794	3.18115	0.738003	-0.506786	-23.647091	6.291020	1477010464500000	-23.537680	6.412271	3.521475	3.503569	0.782849	-0.419343
-23.2334	6.70011	3.68206	3.15553	0.708544	-0.481628	-23.009880	6.861822	1477010464600000	-23.178129	6.755333	3.671846	3.360409	0.741140	-0.410268
-22.8241	7.01478	3.85749	2.98435	0.658466	-0.479119	-22.699120	7.063003	1477010464700000	-22.803980	7.083934	3.813497	3.214315	0.700345	-0.400933
-22.4289	7.29542	4.01007	2.78237	0.606584	-0.483919	-22.508320	7.315242	1477010464800000	-22.416109	7.397815	3.946474	3.065978	0.660490	-0.391345
-22.0156	7.59463	4.23191	2.65018	0.559489	-0.489234	-22.194691	7.694784	1477010464900000	-22.015381	7.696786	4.070867	2.916073	0.621600	-0.381509
-21.6239	7.89729	4.23785	2.52157	0.536743	-0.459652	-21.647270	7.940000	1477010465000000	-21.602640	7.980724	4.186809	2.765256	0.583699	-0.371433
-21.2175	8.05957	4.25161	2.17673	0.473184	-0.473614	-21.085251	7.832295	1477010465100000	-21.178730	8.249571	4.294471	2.614165	0.546812	-0.361122
-20.8514	8.34305	4.16988	2.09595	0.465758	-0.430527	-21.051929	8.509834	1477010465200000	-20.744450	8.503329	4.394061	2.463411	0.510962	-0.350583
-20.3535	8.60512	4.43915	2.02593	0.428144	-0.426977	-20.209999	8.689140	1477010465300000	-20.300619	8.742063	4.485819	2.313582	0.476172	-0.339823
-19.9632	8.82076	4.35015	1.87203	0.406382	-0.402427	-20.063259	8.867236	1477010465400000	-19.847990	8.965893	4.570015	2.165237	0.442462	-0.328848
-19.5493	8.99938	4.30812	1.69347	0.374534	-0.389561	-19.486080	8.966645	1477010465500000	-19.387300	9.174993	4.646942	2.018910	0.409856	-0.317665
-19.0157	9.21032	4.55769	1.6132	0.34019	-0.383967	-18.678631	9.191907	1477010465600000	-18.919279	9.369592	4.716918	1.875103	0.378373	-0.306282
-18.5421	9.399	4.64899	1.50416	0.312916	-0.373035	-18.424170	9.468520	1477010465700000	-18.444580	9.549965	4.780277	1.734289	0.348033	-0.294705
-17.9716	9.5828	4.96278	1.40365	0.275637	-0.376005	-17.773640	9.724776	1477010465800000	-17.963869	9.716433	4.837370	1.596910	0.318855	-0.282942
-17.4483	9.78297	4.99379	1.35501	0.264959	-0.345247	-17.343580	9.881093	1477010465900000	-17.477730	9.869361	4.888556	1.463380	0.290859	-0.271000
-16.9239	9.98651	5.09054	1.32773	0.25514	-0.321994	-16.887560	10.144990	1477010466000000	-16.986759	10.009150	4.934206	1.334081	0.264060	-0.258887
-16.4215	10.1603	5.11788	1.25669	0.240784	-0.305154	-16.515329	10.309120	1477010466100000	-16.491480	10.136250	4.974690	1.209366	0.238478	-0.246611
-15.9344	10.2543	5.10388	1.05237	0.20334	-0.312235	-16.005951	10.184300	1477010466200000	-15.992380	10.251120	5.010385	1.089559	0.214126	-0.234179
-15.4764	10.3084	4.99394	0.818905	0.162533	-0.319395	-15.569870	10.190400	1477010466300000	-15.489930	10.354280	5.041663	0.974957	0.191022	-0.221599
-14.9105	10.4025	5.21328	0.678152	0.129355	-0.325147	-14.936480	10.472180	1477010466400000	-14.984550	10.446250	5.068892	0.865828	0.169179	-0.208879
-14.4361	10.3983	5.02713	0.422799	0.0839061	-0.330074	-14.408830	10.222010	1477010466500000	-14.476630	10.527600	5.092432	0.762418	0.148612	-0.196027
-13.8638	10.5693	5.19168	0.501592	0.0963157	-0.286693	-13.804860	10.938330	1477010466600000	-13.966520	10.598910	5.112633	0.664944	0.129333	-0.183051
-13.3689	10.6197	5.07692	0.388219	0.0763188	-0.272858	-13.355600	10.551700	1477010466700000	-13.454520	10.660780	5.129834	0.573603	0.111355	-0.169959
-12.8513	10.7344	5.12696	0.394125	0.0767222	-0.247646	-12.959060	11.009890	1477010466800000	-12.940940	10.713830	5.144357	0.488570	0.094688	-0.156761
-12.359	10.7496	5.05521	0.24405	0.0482394	-0.248812	-12.371330	10.609140	1477010466900000	-12.426010	10.758710	5.156511	0.409997	0.079344	-0.143463
-11.8608	10.8419	5.02108	0.259329	0.0516023	-0.219889	-11.945090	11.051500	1477010467000000	-11.909960	10.796060	5.166582	0.338022	0.065332	-0.130074
-11.3575	10.8773	5.01552	0.17791	0.035457	-0.213667	-11.454830	10.940670	1477010467100000	-11.392990	10.826550	5.174838	0.272761	0.052660	-0.116604
-10.7821	10.8119	5.27403	-0.118646	-0.0224925	-0.257133	-10.600860	10.682250	1477010467200000	-10.875260	10.850860	5.181525	0.214317	0.041338	-0.103060
-10.2941	10.8046	5.19268	-0.23214	-0.0446755	-0.253785	-10.414230	10.874650	1477010467300000	-10.356910	10.869670	5.186866	0.162776	0.031372	-0.089450
-9.79469	10.8916	5.05797	-0.112677	-0.0222734	-0.201124	-9.834446	11.103210	1477010467400000	-9.838085	10.883670	5.191060	0.118212	0.022768	-0.075785
-9.30746	10.8965	5.01786	-0.172528	-0.0343693	-0.192592	-9.306602	11.034760	1477010467500000	-9.318874	10.893570	5.194279	0.080686	0.015532	-0.062071
-8.79949	10.9062	5.01043	-0.20162	-0.0402184	-0.177817	-8.788986	11.070660	1477010467600000	-8.799372	10.900070	5.196670	0.050248	0.009669	-0.048318
-8.40691	10.7879	4.76775	-0.442287	-0.0925017	-0.208732	-8.620445	10.657660	1477010467700000	-8.279654	10.903890	5.198353	0.026936	0.005182	-0.034535
-7.81184	10.8419	4.96594	-0.346102	-0.0695827	-0.164403	-7.519712	11.000450	1477010467800000	-7.759787	10.905730	5.199421	0.010779	0.002073	-0.020730
-7.27336	10.8287	4.99099	-0.349218	-0.0698558	-0.143895	-7.156314	10.815040	1477010467900000	-7.239828	10.906310	5.199937	0.001797	0.000346	-0.006911
