74.3921
1.82569
7.45655
5.87633
0.301371
1.35417
4.05975
1.83182
1.36183
1.8814
3.4493
0.407774
2.29382
5.06698
2.19993
7.08705
6.80988
4.54939
5.14526
3.7568
2.01547
0.680784
1.6345
0.791247
3.21959
11.8113
0.286871
1.16745
3.97432
3.14546
0.779247
1.86713
0.53909
4.48116
1.31311
2.65921
0.917152
0.924535
0.387785
0.7054
3.75148
0.214039
2.19204
0.446846
0.909646
2.46228
7.37646
3.26302
5.03392
12.0366
3.22353
4.20795
2.09457
1.31913
1.0954
1.53591
3.15349
9.10053
1.20155
1.56216
0.267173
7.4097
5.27454
2.47364
1.8503
6.7385
1.6486
3.24297
3.24335
9.94658
3.57494
5.90579
1.90684
1.04309
0.287935
2.5559
1.77545
2.55995
1.07714
1.19605
4.32149
5.0563
0.992692
2.29806
1.3961
4.2272
0.0382976
3.31832
0.326164
0.72766
3.04781
1.50233
1.67146
4.76578
1.5848
1.20713
7.47002
3.43757
2.23374
2.74769
2.27354
4.92961
0.993746
1.80963
1.16669
2.82928
1.5313
2.46306
0.772348
1.37066
3.13723
3.69963
2.93232
2.83383
1.0028
1.1134
0.697901
2.8798
2.14272
3.54954
5.34832
7.21446
1.2456
3.55325
4.56298
3.19672
0.0335848
3.1462
0.985363
4.77897
1.55847
0.0524114
4.91795
1.0505
1.25055
5.03097
5.87562
4.1528
6.1693
2.37687
4.33877
3.84432
1.64352
0.30932
4.25324
0.618201
0.358775
2.29677
3.65321
0.30326
5.56079
1.1921
7.68148
1.02593
2.09029
1.39151
1.87845
1.5091
3.0591
1.7386
3.03531
4.03033
2.89014
0.317655
4.38711
2.23232
2.40313
5.06575
7.45906
1.73961
0.780217
1.73646
3.95946
1.28398
5.25405
1.64082
2.5256
1.95104
6.15994
2.11473
0.815656
4.04519
1.31221
0.84318
2.15762
3.66203
0.392118
1.95585
1.11505
6.37333
0.326089
10.8463
3.8097
0.988988
1.25571
0.816744
1.98782
1.75817
4.97753
2.34633
2.76182
1.73235
7.41919
8.92663
0.171521
1.27859
2.38532
2.25547
1.06816
0.541456
8.92186
2.25344
0.850169
3.28877
4.50759
1.89734
5.5427
1.3487
2.25376
6.14575
1.866
6.70427
4.29557
2.5271
1.93581
4.69626
1.63809
4.86054
3.37208
0.549995
0.0858146
0.537732
0.440589
7.67697
6.41938
0.546773
2.55925
0.24124
1.86081
0.944863
2.82063
8.46764
0.216944
6.85928
3.71435
2.46827
5.97233
1.77725
2.55275
