0.220467
0.166408
0.250385
0.00539829
1.14678
2.19445
0.335811
12.2041
2.75027
1.71471
3.7976
0.200993
2.81766
0.465724
0.321892
0.810711
0.655073
3.53076
1.41368
0.920948
1.90646
0.318735
0.421782
3.68374
3.16123
1.13704
1.39523
1.88002
2.1034
1.47867
0.176961
1.10345
0.756446
1.82506
0.432123
0.675969
0.938462
1.53353
1.00893
3.28225
2.07343
1.51314
3.13679
3.93666
3.25329
1.03141
1.2737
2.30692
0.0305338
4.2408
1.50451
1.44941
1.04997
1.33124
0.562277
1.80591
1.69443
2.58015
0.137994
0.530452
0.370364
2.25973
4.18804
0.849768
0.997037
0.569182
0.266127
2.63797
0.83412
0.750757
1.29831
2.11544
0.72668
0.59895
1.45449
0.214146
2.1655
0.110133
2.09163
0.752668
0.700377
3.23859
1.59446
0.686424
2.96356
3.04589
0.188537
3.58398
0.692001
0.412032
0.933373
1.58026
2.14235
0.529537
1.11815
1.5615
2.8911
1.43339
6.42487
0.0582481
0.582337
2.1621
2.22363
0.832109
2.63486
0.223371
1.07663
3.74185
1.19682
3.68147
0.364102
0.500168
5.2681
3.9039
1.57238
2.3648
0.804488
3.9267
0.447806
0.436384
1.39164
0.87397
1.80739
0.045109
2.14227
1.12695
2.86542
3.24883
0.528429
0.0357635
1.10497
0.649526
1.37162
4.78877
3.52061
1.34867
1.37782
3.07882
1.05802
1.57256
0.153476
1.10309
1.44686
1.76941
6.05668
0.510966
1.12397
0.142387
2.10435
0.149508
4.71026
0.359559
1.00422
4.0511
4.03456
2.80211
3.11508
1.13136
2.10779
5.31417
2.56419
0.763288
0.334208
3.1587
4.83678
1.88918
0.930403
2.1245
0.482457
0.446562
1.62112
0.251201
3.40199
1.96912
13.0674
0.736222
1.11772
1.46638
0.0523066
1.42734
6.83056
2.60149
0.66526
1.7312
3.83862
5.08568
2.82925
0.157418
0.692645
0.48825
0.537109
1.92565
4.65891
1.69319
5.25471
0.913925
1.30279
0.0107942
0.622501
2.77392
1.37887
2.6857
0.144796
0.473355
0.80473
0.197356
1.54708
0.222372
3.88429
1.97783
0.470477
0.953901
1.17726
0.0668241
0.0693842
4.56958
1.0262
0.351694
2.22265
0.136318
3.94313
3.63693
1.66028
0.638686
0.266012
6.18499
1.13675
3.66708
1.29881
1.6711
1.69777
0.639802
1.45756
0.310813
1.85266
8.54697
0.274314
4.81249
1.18684
2.77932
0.713773
2.62677
1.0341
2.56702
1.08825
1.55306
3.94903
6.94563
0.815679
